<!DOCTYPE html>
<html>
<head>
  <meta charset="utf-8">
  <title>肉联厂</title>
  <script src="dist/canvas-player.js"></script>
  <style>
  body {
    margin: 0;
    overflow: hidden;
  }
  .container {
    position: relative;
    cursor: e-resize;
  }
  .annotation {
    position: absolute;
    width: 3px;
    height: 3px;
    background: red;
  }
  </style>
</head>
<body>
  <div class="container">
  </div>
  <script type="text/javascript">
  window.cameras = [
    {
      "filename": "00000000.jpg",
      "original": "G:\\cloud\\out\\meat_01\\WP_20160427_22_01_56_Pro.jpg",
      "focalLength": 1449.6895752,
      "principalPoint": [
        576.5,
        1024
      ],
      "T": [
        -0.399218439658,
        0.198799052483,
        -0.676287441354
      ],
      "position": [
        0.238434473429,
        0.0227809090357,
        -0.773879985456
      ],
      "euler": [
        0.181021252289,
        -2.30370694636,
        -0.372067736246
      ],
      "quaternion": [
        0.389889973242,
        0.0712200890814,
        -0.906358849378,
        -0.146384454779
      ],
      "R": [
        [
          -0.685828076083,
          -0.0149545812689,
          -0.727611755542
        ],
        [
          -0.243249905897,
          0.9470001984,
          0.209817307188
        ],
        [
          0.685909154586,
          0.320889301693,
          -0.653115357377
        ]
      ],
      "radialDistortion": -0.189631304374,
      "geo": [
        0,
        0,
        0
      ]
    },
    {
      "filename": "00000001.jpg",
      "original": "G:\\cloud\\out\\meat_01\\WP_20160427_22_04_18_Pro.jpg",
      "focalLength": 1464.86022949,
      "principalPoint": [
        576.5,
        1024
      ],
      "T": [
        -1.52576760607,
        0.0365871904885,
        -0.194502015272
      ],
      "position": [
        -0.193022083567,
        0.00729184009008,
        -1.5263795689
      ],
      "euler": [
        0.247362635686,
        -1.80755912731,
        -0.293152235016
      ],
      "quaternion": [
        0.602708228016,
        0.106821461315,
        -0.780579115581,
        -0.126595312364
      ],
      "R": [
        [
          -0.2506636246,
          -0.0141659110596,
          -0.967968463835
        ],
        [
          -0.31936605662,
          0.945126815037,
          0.0688712086429
        ],
        [
          0.913877358477,
          0.326399903295,
          -0.241434357966
        ]
      ],
      "radialDistortion": -0.201957667994,
      "geo": [
        0,
        0,
        0
      ]
    },
    {
      "filename": "00000002.jpg",
      "original": "G:\\cloud\\out\\meat_01\\WP_20160427_22_02_56_Pro.jpg",
      "focalLength": 1449.13671875,
      "principalPoint": [
        576.5,
        1024
      ],
      "T": [
        -0.924996485848,
        0.150754753679,
        -0.541245064308
      ],
      "position": [
        0.0121633349097,
        0.019048899025,
        -1.08202520911
      ],
      "euler": [
        0.213035283108,
        -2.08442279004,
        -0.337841137158
      ],
      "quaternion": [
        0.487850965655,
        0.0876222526222,
        -0.857331319093,
        -0.138955392902
      ],
      "R": [
        [
          -0.50864799412,
          -0.0146633870808,
          -0.86085116621
        ],
        [
          -0.285821477521,
          0.946027859374,
          0.152768160205
        ],
        [
          0.812148481414,
          0.323754562424,
          -0.485385606492
        ]
      ],
      "radialDistortion": -0.193366656722,
      "geo": [
        0,
        0,
        0
      ]
    },
    {
      "filename": "00000003.jpg",
      "original": "G:\\cloud\\out\\meat_01\\WP_20160427_22_02_34_Pro.jpg",
      "focalLength": 1449.01037598,
      "principalPoint": [
        576.5,
        1024
      ],
      "T": [
        -0.766509676928,
        0.171750906369,
        -0.597478982078
      ],
      "position": [
        0.0778095839688,
        0.0194721122155,
        -0.983657727169
      ],
      "euler": [
        0.204088068101,
        -2.15146128342,
        -0.349093781862
      ],
      "quaternion": [
        0.45843131579,
        0.0828542944285,
        -0.87343570982,
        -0.141722733988
      ],
      "R": [
        [
          -0.565952333069,
          -0.014796112044,
          -0.824305326607
        ],
        [
          -0.274676669721,
          0.946101114887,
          0.171605438951
        ],
        [
          0.777335800234,
          0.323537451805,
          -0.539511696632
        ]
      ],
      "radialDistortion": -0.192826642401,
      "geo": [
        0,
        0,
        0
      ]
    },
    {
      "filename": "00000004.jpg",
      "original": "G:\\cloud\\out\\meat_01\\WP_20160427_22_03_59_Pro.jpg",
      "focalLength": 1464.20373535,
      "principalPoint": [
        576.5,
        1024
      ],
      "T": [
        -1.38729611016,
        0.0721181873326,
        -0.295226391606
      ],
      "position": [
        -0.152203022519,
        0.0083171519542,
        -1.41198941695
      ],
      "euler": [
        0.239909791548,
        -1.87539144018,
        -0.304700717983
      ],
      "quaternion": [
        0.575537508567,
        0.10244654841,
        -0.80083175732,
        -0.130113642523
      ],
      "R": [
        [
          -0.31652269606,
          -0.0143146394612,
          -0.94847697871
        ],
        [
          -0.313855766055,
          0.945151683112,
          0.0904744413775
        ],
        [
          0.895157878846,
          0.32632176631,
          -0.303655291984
        ]
      ],
      "radialDistortion": -0.198711343382,
      "geo": [
        0,
        0,
        0
      ]
    },
    {
      "filename": "00000005.jpg",
      "original": "G:\\cloud\\out\\meat_01\\WP_20160427_22_04_42_Pro.jpg",
      "focalLength": 1470.30566406,
      "principalPoint": [
        576.5,
        1024
      ],
      "T": [
        -1.68145934884,
        -0.00525143496368,
        -0.0686038363111
      ],
      "position": [
        -0.222877925713,
        0.00448373470496,
        -1.66803594343
      ],
      "euler": [
        0.256491286417,
        -1.72535251476,
        -0.280495966569
      ],
      "quaternion": [
        0.63455728458,
        0.112205525833,
        -0.754778413223,
        -0.122706692546
      ],
      "R": [
        [
          -0.169495365251,
          -0.0136525089138,
          -0.985436671265
        ],
        [
          -0.3251102114,
          0.944707387714,
          0.0428313743256
        ],
        [
          0.93036389015,
          0.327634709476,
          -0.164560232811
        ]
      ],
      "radialDistortion": -0.202495311658,
      "geo": [
        0,
        0,
        0
      ]
    },
    {
      "filename": "00000006.jpg",
      "original": "G:\\cloud\\out\\meat_01\\WP_20160427_22_05_01_Pro.jpg",
      "focalLength": 1480.18188477,
      "principalPoint": [
        576.5,
        1024
      ],
      "T": [
        -1.80964850315,
        -0.0450446974701,
        0.0557084346139
      ],
      "position": [
        -0.242945734009,
        0.000228425097787,
        -1.79469787875
      ],
      "euler": [
        0.263464240843,
        -1.65319784073,
        -0.268371407071
      ],
      "quaternion": [
        0.661695946378,
        0.116511750165,
        -0.731093423441,
        -0.118681845521
      ],
      "R": [
        [
          -0.0971673412809,
          -0.0132999959512,
          -0.995178726905
        ],
        [
          -0.32742518031,
          0.944679710547,
          0.0193445605858
        ],
        [
          0.939867491952,
          0.327725971743,
          -0.0961462674555
        ]
      ],
      "radialDistortion": -0.198603969646,
      "geo": [
        0,
        0,
        0
      ]
    },
    {
      "filename": "00000007.jpg",
      "original": "G:\\cloud\\out\\meat_01\\WP_20160427_22_05_25_Pro.jpg",
      "focalLength": 1491.91516113,
      "principalPoint": [
        576.5,
        1024
      ],
      "T": [
        -1.94404496936,
        -0.0921559492077,
        0.205775297473
      ],
      "position": [
        -0.255434313277,
        -0.00498065221558,
        -1.94032804054
      ],
      "euler": [
        0.271215335111,
        -1.57250887127,
        -0.255850032697
      ],
      "quaternion": [
        0.690906899924,
        0.121324523965,
        -0.703440644905,
        -0.114451063067
      ],
      "R": [
        [
          -0.0158555946983,
          -0.0125391976893,
          -0.99979612339
        ],
        [
          -0.328839314396,
          0.944362774715,
          -0.00662910963194
        ],
        [
          0.944251857616,
          0.328666693319,
          -0.0190978025664
        ]
      ],
      "radialDistortion": -0.197904985978,
      "geo": [
        0,
        0,
        0
      ]
    },
    {
      "filename": "00000008.jpg",
      "original": "G:\\cloud\\out\\meat_01\\WP_20160427_22_03_15_Pro.jpg",
      "focalLength": 1458.74255371,
      "principalPoint": [
        576.5,
        1024
      ],
      "T": [
        -1.09816479979,
        0.125238760904,
        -0.457190295785
      ],
      "position": [
        -0.0596729012631,
        0.0139782630176,
        -1.19453614158
      ],
      "euler": [
        0.223101859022,
        -2.00829115891,
        -0.325661761355
      ],
      "quaternion": [
        0.520500095923,
        0.0930748471553,
        -0.837829830184,
        -0.135861345106
      ],
      "R": [
        [
          -0.44083322983,
          -0.0145299833617,
          -0.897471469136
        ],
        [
          -0.297393356001,
          0.945757716483,
          0.130766353522
        ],
        [
          0.846890558778,
          0.324548221012,
          -0.421243087228
        ]
      ],
      "radialDistortion": -0.195159384592,
      "geo": [
        0,
        0,
        0
      ]
    },
    {
      "filename": "00000009.jpg",
      "original": "G:\\cloud\\out\\meat_01\\WP_20160427_22_02_13_Pro.jpg",
      "focalLength": 1450.35998535,
      "principalPoint": [
        576.5,
        1024
      ],
      "T": [
        -0.604769225029,
        0.189702224899,
        -0.645107957954
      ],
      "position": [
        0.150088587952,
        0.0198927606549,
        -0.891613240641
      ],
      "euler": [
        0.194203815433,
        -2.21963004867,
        -0.360198619384
      ],
      "quaternion": [
        0.427998353467,
        0.0777644671957,
        -0.888799984289,
        -0.144233282227
      ],
      "R": [
        [
          -0.621540682838,
          -0.0147718385069,
          -0.783242340161
        ],
        [
          -0.261698267741,
          0.946300684292,
          0.189823150588
        ],
        [
          0.738377379188,
          0.32295540626,
          -0.592029639172
        ]
      ],
      "radialDistortion": -0.189251708949,
      "geo": [
        0,
        0,
        0
      ]
    },
    {
      "filename": "00000010.jpg",
      "original": "G:\\cloud\\out\\meat_01\\WP_20160427_22_01_22_Pro.jpg",
      "focalLength": 1452.40344238,
      "principalPoint": [
        576.5,
        1024
      ],
      "T": [
        -0.0880547295626,
        0.214127383719,
        -0.711039784196
      ],
      "position": [
        0.40259414518,
        0.0232691113778,
        -0.629727980855
      ],
      "euler": [
        0.161127925669,
        -2.42936861919,
        -0.392344463546
      ],
      "quaternion": [
        0.331353166837,
        0.0616455914689,
        -0.929446989427,
        -0.150106236485
      ],
      "R": [
        [
          -0.772810060497,
          -0.0151168329937,
          -0.634456944383
        ],
        [
          -0.214069540279,
          0.947337323766,
          0.238178931857
        ],
        [
          0.597443869033,
          0.319884779676,
          -0.735347578576
        ]
      ],
      "radialDistortion": -0.183399962353,
      "geo": [
        0,
        0,
        0
      ]
    },
    {
      "filename": "00000011.jpg",
      "original": "G:\\cloud\\out\\meat_01\\WP_20160427_22_00_56_Pro.jpg",
      "focalLength": 1439.90161133,
      "principalPoint": [
        576.5,
        1024
      ],
      "T": [
        0.108886976109,
        0.213031475988,
        -0.715981105882
      ],
      "position": [
        0.518783045925,
        0.02878793173,
        -0.547633349494
      ],
      "euler": [
        0.150436497829,
        -2.50162549089,
        -0.404013357971
      ],
      "quaternion": [
        0.296996848449,
        0.0565879612586,
        -0.941007590608,
        -0.151973042305
      ],
      "R": [
        [
          -0.81718143279,
          -0.0162284268878,
          -0.576152054663
        ],
        [
          -0.196770485343,
          0.947404785904,
          0.252402649835
        ],
        [
          0.541753100448,
          0.319628434451,
          -0.777394841158
        ]
      ],
      "radialDistortion": -0.188330178229,
      "geo": [
        0,
        0,
        0
      ]
    },
    {
      "filename": "00000012.jpg",
      "original": "G:\\cloud\\out\\meat_01\\WP_20160427_22_00_33_Pro.jpg",
      "focalLength": 1439.21386719,
      "principalPoint": [
        576.5,
        1024
      ],
      "T": [
        0.261351735045,
        0.210978107645,
        -0.709884835498
      ],
      "position": [
        0.60995092434,
        0.0300910708258,
        -0.493768589529
      ],
      "euler": [
        0.139492437335,
        -2.56356250769,
        -0.412457243511
      ],
      "quaternion": [
        0.267365643276,
        0.0516922870242,
        -0.949989916901,
        -0.152845979496
      ],
      "R": [
        [
          -0.851687355572,
          -0.016483185446,
          -0.52379142157
        ],
        [
          -0.179946239967,
          0.94793249289,
          0.262762838257
        ],
        [
          0.492187239382,
          0.318045804548,
          -0.8103075885
        ]
      ],
      "radialDistortion": -0.182076234529,
      "geo": [
        0,
        0,
        0
      ]
    },
    {
      "filename": "00000013.jpg",
      "original": "G:\\cloud\\out\\meat_01\\WP_20160427_22_00_12_Pro.jpg",
      "focalLength": 1428.43530273,
      "principalPoint": [
        576.5,
        1024
      ],
      "T": [
        0.443272599321,
        0.202619222328,
        -0.687654177236
      ],
      "position": [
        0.722458007707,
        0.0340312574055,
        -0.432791584464
      ],
      "euler": [
        0.126152853672,
        -2.63602321696,
        -0.425506144493
      ],
      "quaternion": [
        0.232098858917,
        0.0459043242268,
        -0.959192447089,
        -0.154832581656
      ],
      "R": [
        [
          -0.888046474679,
          -0.0161893208164,
          -0.459469725405
        ],
        [
          -0.159935182919,
          0.947840847663,
          0.275719281206
        ],
        [
          0.431040164399,
          0.318336646296,
          -0.844314851741
        ]
      ],
      "radialDistortion": -0.190263016314,
      "geo": [
        0,
        0,
        0
      ]
    },
    {
      "filename": "00000014.jpg",
      "original": "G:\\cloud\\out\\meat_01\\WP_20160427_21_59_57_Pro.jpg",
      "focalLength": 1434.2644043,
      "principalPoint": [
        576.5,
        1024
      ],
      "T": [
        0.527471208239,
        0.199715228479,
        -0.673050049458
      ],
      "position": [
        0.776704972232,
        0.0328669180292,
        -0.408358535952
      ],
      "euler": [
        0.119332914961,
        -2.6704121414,
        -0.430419632043
      ],
      "quaternion": [
        0.215340597324,
        0.0430407212176,
        -0.963158107317,
        -0.155242762615
      ],
      "R": [
        [
          -0.903552318565,
          -0.0160503279029,
          -0.428177397263
        ],
        [
          -0.149770604829,
          0.948095575339,
          0.280509955069
        ],
        [
          0.401450771325,
          0.317583613534,
          -0.859056965352
        ]
      ],
      "radialDistortion": -0.183594771476,
      "geo": [
        0,
        0,
        0
      ]
    },
    {
      "filename": "00000015.jpg",
      "original": "G:\\cloud\\out\\meat_01\\WP_20160427_22_06_48_Pro.jpg",
      "focalLength": 1448.29785156,
      "principalPoint": [
        576.5,
        1024
      ],
      "T": [
        -2.30730045737,
        -0.291224445794,
        0.742255105075
      ],
      "position": [
        -0.153095385899,
        0.00781834781788,
        -2.43636710546
      ],
      "euler": [
        0.290942685158,
        -1.29023756819,
        -0.20669983217
      ],
      "quaternion": [
        0.784229008059,
        0.13484972028,
        -0.598015293186,
        -0.0958037990711
      ],
      "R": [
        [
          0.266398850908,
          -0.0110197044649,
          -0.963800177266
        ],
        [
          -0.31154817772,
          0.945274383638,
          -0.0969219182345
        ],
        [
          0.912123583453,
          0.326090331255,
          0.24838731378
        ]
      ],
      "radialDistortion": -0.194578176936,
      "geo": [
        0,
        0,
        0
      ]
    },
    {
      "filename": "00000016.jpg",
      "original": "G:\\cloud\\out\\meat_01\\WP_20160427_22_07_06_Pro.jpg",
      "focalLength": 1452.57629395,
      "principalPoint": [
        576.5,
        1024
      ],
      "T": [
        -2.38192929079,
        -0.352112210776,
        0.928611980351
      ],
      "position": [
        -0.106847688286,
        0.0044177729382,
        -2.57845942771
      ],
      "euler": [
        0.297344525991,
        -1.20715196886,
        -0.19414170749
      ],
      "quaternion": [
        0.808527809834,
        0.139056402173,
        -0.564537749962,
        -0.0907924814333
      ],
      "R": [
        [
          0.346108093534,
          -0.0101889833715,
          -0.938139699656
        ],
        [
          -0.303821968022,
          0.944840172143,
          -0.122350362821
        ],
        [
          0.887638182524,
          0.32737351035,
          0.323920611421
        ]
      ],
      "radialDistortion": -0.197332299899,
      "geo": [
        0,
        0,
        0
      ]
    },
    {
      "filename": "00000017.jpg",
      "original": "G:\\cloud\\out\\meat_01\\WP_20160427_22_07_22_Pro.jpg",
      "focalLength": 1456.89916992,
      "principalPoint": [
        576.5,
        1024
      ],
      "T": [
        -2.43003854507,
        -0.40963170739,
        1.10108709957
      ],
      "position": [
        -0.0601630229755,
        0.00229603324425,
        -2.69845276346
      ],
      "euler": [
        0.30230898034,
        -1.13336597222,
        -0.18226882701
      ],
      "quaternion": [
        0.828969311419,
        0.142434658285,
        -0.533992059327,
        -0.0858770323728
      ],
      "R": [
        [
          0.414955390051,
          -0.00973946660448,
          -0.909790199452
        ],
        [
          -0.294497164175,
          0.944675492861,
          -0.144432715917
        ],
        [
          0.860861919442,
          0.327863126486,
          0.389129594185
        ]
      ],
      "radialDistortion": -0.198165931596,
      "geo": [
        0,
        0,
        0
      ]
    },
    {
      "filename": "00000018.jpg",
      "original": "G:\\cloud\\out\\meat_01\\WP_20160427_22_08_25_Pro.jpg",
      "focalLength": 1433.5222168,
      "principalPoint": [
        576.5,
        1024
      ],
      "T": [
        -2.50200095526,
        -0.576995274721,
        1.57426366745
      ],
      "position": [
        0.131822071149,
        0.0131489811539,
        -3.00893397329
      ],
      "euler": [
        0.309713117262,
        -0.929451965575,
        -0.146380672728
      ],
      "quaternion": [
        0.87983310773,
        0.148602513043,
        -0.445957533405,
        -0.0702344673698
      ],
      "R": [
        [
          0.592378469707,
          -0.00895137054998,
          -0.805610931113
        ],
        [
          -0.256129809333,
          0.945968821,
          -0.198847936107
        ],
        [
          0.763861879012,
          0.324133707362,
          0.558077899125
        ]
      ],
      "radialDistortion": -0.193216792428,
      "geo": [
        0,
        0,
        0
      ]
    },
    {
      "filename": "00000019.jpg",
      "original": "G:\\cloud\\out\\meat_01\\WP_20160427_22_08_44_Pro.jpg",
      "focalLength": 1445.10021973,
      "principalPoint": [
        576.5,
        1024
      ],
      "T": [
        -2.49844332739,
        -0.65348992735,
        1.81160314983
      ],
      "position": [
        0.253439276023,
        0.00651459364896,
        -3.14434674809
      ],
      "euler": [
        0.315954460134,
        -0.827269026052,
        -0.130630451527
      ],
      "quaternion": [
        0.901502410728,
        0.152755555129,
        -0.39996251125,
        -0.0631563394653
      ],
      "R": [
        [
          0.6720814996,
          -0.00832221143637,
          -0.740429056034
        ],
        [
          -0.236064580559,
          0.945354107516,
          -0.224898658618
        ],
        [
          0.701839616339,
          0.325939346186,
          0.633390779082
        ]
      ],
      "radialDistortion": -0.190988878433,
      "geo": [
        0,
        0,
        0
      ]
    },
    {
      "filename": "00000020.jpg",
      "original": "G:\\cloud\\out\\meat_01\\WP_20160427_22_09_04_Pro.jpg",
      "focalLength": 1444.54394531,
      "principalPoint": [
        576.5,
        1024
      ],
      "T": [
        -2.47599026138,
        -0.714935608484,
        1.99548082076
      ],
      "position": [
        0.336552661517,
        0.00596139321316,
        -3.2419585406
      ],
      "euler": [
        0.318950219055,
        -0.753535920162,
        -0.11884445634
      ],
      "quaternion": [
        0.915751609878,
        0.154970930654,
        -0.366126611151,
        -0.0577439202161
      ],
      "R": [
        [
          0.725234244703,
          -0.00771999782217,
          -0.688459380368
        ],
        [
          -0.219236349416,
          0.945298941945,
          -0.241546854125
        ],
        [
          0.652664753954,
          0.326112662796,
          0.683870857331
        ]
      ],
      "radialDistortion": -0.198138209238,
      "geo": [
        0,
        0,
        0
      ]
    },
    {
      "filename": "00000021.jpg",
      "original": "G:\\cloud\\out\\meat_01\\WP_20160427_22_09_26_Pro.jpg",
      "focalLength": 1450.54882813,
      "principalPoint": [
        576.5,
        1024
      ],
      "T": [
        -2.43726784265,
        -0.77967789794,
        2.20143619477
      ],
      "position": [
        0.457101448056,
        0.00436444711278,
        -3.34447714608
      ],
      "euler": [
        0.320703886374,
        -0.665949208136,
        -0.103869527513
      ],
      "quaternion": [
        0.931163676986,
        0.15665542957,
        -0.325298706081,
        -0.0507375374703
      ],
      "R": [
        [
          0.783213343217,
          -0.00742956226426,
          -0.621709231202
        ],
        [
          -0.196409370072,
          0.945769825468,
          -0.258733758741
        ],
        [
          0.589916125891,
          0.324753624534,
          0.739280004668
        ]
      ],
      "radialDistortion": -0.189930932988,
      "geo": [
        0,
        0,
        0
      ]
    },
    {
      "filename": "00000022.jpg",
      "original": "G:\\cloud\\out\\meat_01\\WP_20160427_22_09_55_Pro.jpg",
      "focalLength": 1455.26135254,
      "principalPoint": [
        576.5,
        1024
      ],
      "T": [
        -2.3865782545,
        -0.835453528698,
        2.36688539012
      ],
      "position": [
        0.554521931548,
        0.000827450337858,
        -3.41882966235
      ],
      "euler": [
        0.324504979321,
        -0.594954488751,
        -0.0931108727587
      ],
      "quaternion": [
        0.942074930166,
        0.159107392898,
        -0.291710955548,
        -0.0456530073777
      ],
      "R": [
        [
          0.825640565557,
          -0.00680971550756,
          -0.564154485165
        ],
        [
          -0.178843930457,
          0.945201190244,
          -0.273147362005
        ],
        [
          0.535099827142,
          0.326416982207,
          0.779178940389
        ]
      ],
      "radialDistortion": -0.196929286282,
      "geo": [
        0,
        0,
        0
      ]
    },
    {
      "filename": "00000023.jpg",
      "original": "G:\\cloud\\out\\meat_01\\WP_20160427_22_10_14_Pro.jpg",
      "focalLength": 1459.07189941,
      "principalPoint": [
        576.5,
        1024
      ],
      "T": [
        -2.31971462301,
        -0.894591425671,
        2.54109233612
      ],
      "position": [
        0.665796569512,
        0,
        -3.49216805502
      ],
      "euler": [
        0.327136277674,
        -0.518658729972,
        -0.0810331841607
      ],
      "quaternion": [
        0.952556099674,
        0.160973093124,
        -0.255215045648,
        -0.0398737871349
      ],
      "R": [
        [
          0.866550457369,
          -0.00620160261559,
          -0.499050524982
        ],
        [
          -0.158129679225,
          0.944996237002,
          -0.286318873515
        ],
        [
          0.47337606886,
          0.32702473344,
          0.817905797734
        ]
      ],
      "radialDistortion": -0.198718833927,
      "geo": [
        0,
        0,
        0
      ]
    },
    {
      "filename": "00000024.jpg",
      "original": "G:\\cloud\\out\\meat_01\\WP_20160427_22_10_30_Pro.jpg",
      "focalLength": 1457.56298828,
      "principalPoint": [
        576.5,
        1024
      ],
      "T": [
        -2.26202557352,
        -0.935844502562,
        2.67392198726
      ],
      "position": [
        0.752125490583,
        0.00121979075816,
        -3.54636915282
      ],
      "euler": [
        0.326799128819,
        -0.46154364203,
        -0.0711375111145
      ],
      "quaternion": [
        0.959663979722,
        0.161196636464,
        -0.227660590606,
        -0.0350892230328
      ],
      "R": [
        [
          0.893878944385,
          -0.00604838631662,
          -0.44826800122
        ],
        [
          -0.140743840001,
          0.945568658511,
          -0.29341224546
        ],
        [
          0.425642672408,
          0.325366177208,
          0.844372213008
        ]
      ],
      "radialDistortion": -0.200271719242,
      "geo": [
        0,
        0,
        0
      ]
    },
    {
      "filename": "00000025.jpg",
      "original": "G:\\cloud\\out\\meat_01\\WP_20160427_22_10_48_Pro.jpg",
      "focalLength": 1461.31689453,
      "principalPoint": [
        576.5,
        1024
      ],
      "T": [
        -2.16452029514,
        -0.994848111938,
        2.85094542224
      ],
      "position": [
        0.887703888721,
        0.000080943623606,
        -3.60759518558
      ],
      "euler": [
        0.328680689703,
        -0.378110815379,
        -0.0575324812928
      ],
      "quaternion": [
        0.968379285659,
        0.162604479193,
        -0.187058486057,
        -0.0284623935946
      ],
      "R": [
        [
          0.928397251087,
          -0.00570862868271,
          -0.371543601262
        ],
        [
          -0.115958198192,
          0.945498614664,
          -0.304276967578
        ],
        [
          0.353030651154,
          0.325574270044,
          0.877137897819
        ]
      ],
      "radialDistortion": -0.200326292583,
      "geo": [
        0,
        0,
        0
      ]
    },
    {
      "filename": "00000026.jpg",
      "original": "G:\\cloud\\out\\meat_01\\WP_20160427_22_11_15_Pro.jpg",
      "focalLength": 1460.61791992,
      "principalPoint": [
        576.5,
        1024
      ],
      "T": [
        -2.06131184889,
        -1.04765391561,
        3.00511633786
      ],
      "position": [
        1.02089167173,
        -0.00127531291758,
        -3.65172425361
      ],
      "euler": [
        0.330734339126,
        -0.300222333647,
        -0.0451435099742
      ],
      "quaternion": [
        0.974910871453,
        0.163981869741,
        -0.148853668293,
        -0.0223826687963
      ],
      "R": [
        [
          0.954682839817,
          -0.00517676081556,
          -0.297579283405
        ],
        [
          -0.0924611893822,
          0.945217301763,
          -0.313071892139
        ],
        [
          0.282896954492,
          0.326398937988,
          0.901904687526
        ]
      ],
      "radialDistortion": -0.204538998604,
      "geo": [
        0,
        0,
        0
      ]
    },
    {
      "filename": "00000027.jpg",
      "original": "G:\\cloud\\out\\meat_01\\WP_20160427_22_11_34_Pro.jpg",
      "focalLength": 1456.625,
      "principalPoint": [
        576.5,
        1024
      ],
      "T": [
        -1.95671138543,
        -1.09081539794,
        3.13981229527
      ],
      "position": [
        1.14268588448,
        0.000724485875264,
        -3.68392271938
      ],
      "euler": [
        0.330358214756,
        -0.229975925669,
        -0.033495166766
      ],
      "quaternion": [
        0.979675844289,
        0.164058541789,
        -0.114207891091,
        -0.0166339687381
      ],
      "R": [
        [
          0.973359406751,
          -0.00488218954286,
          -0.229231428618
        ],
        [
          -0.0700657790125,
          0.945616846107,
          -0.317648761304
        ],
        [
          0.2183154199,
          0.325248000457,
          0.920082786674
        ]
      ],
      "radialDistortion": -0.204603818078,
      "geo": [
        0,
        0,
        0
      ]
    },
    {
      "filename": "00000028.jpg",
      "original": "G:\\cloud\\out\\meat_01\\WP_20160427_22_11_54_Pro.jpg",
      "focalLength": 1455.55847168,
      "principalPoint": [
        576.5,
        1024
      ],
      "T": [
        -1.84994171376,
        -1.12992413719,
        3.26358109383
      ],
      "position": [
        1.26098605833,
        0.00270428469944,
        -3.7094337264
      ],
      "euler": [
        0.329721263273,
        -0.163336605185,
        -0.0225968827955
      ],
      "quaternion": [
        0.983059847407,
        0.163928654625,
        -0.0812066218393,
        -0.0112345699474
      ],
      "R": [
        [
          0.986558804743,
          -0.0045357524303,
          -0.163344900036
        ],
        [
          -0.048712770903,
          0.946002265778,
          -0.320478027213
        ],
        [
          0.155978977059,
          0.324128685593,
          0.933065583813
        ]
      ],
      "radialDistortion": -0.203657246935,
      "geo": [
        0,
        0,
        0
      ]
    },
    {
      "filename": "00000029.jpg",
      "original": "G:\\cloud\\out\\meat_01\\WP_20160427_22_12_14_Pro.jpg",
      "focalLength": 1459.02941895,
      "principalPoint": [
        576.5,
        1024
      ],
      "T": [
        -1.71007284823,
        -1.1720876225,
        3.39703367414
      ],
      "position": [
        1.40317368146,
        0.00123436434565,
        -3.72412341549
      ],
      "euler": [
        0.329827605252,
        -0.0837870196671,
        -0.00954280952839
      ],
      "quaternion": [
        0.985547828975,
        0.164118580381,
        -0.0416914973252,
        -0.00474839682219
      ],
      "R": [
        [
          0.996479399462,
          -0.00432516517729,
          -0.0837363547948
        ],
        [
          -0.0230442538942,
          0.946085551623,
          -0.323097482161
        ],
        [
          0.0806195039075,
          0.323889360195,
          0.942653141708
        ]
      ],
      "radialDistortion": -0.200694459922,
      "geo": [
        0,
        0,
        0
      ]
    },
    {
      "filename": "00000030.jpg",
      "original": "G:\\cloud\\out\\meat_01\\WP_20160427_22_12_29_Pro.jpg",
      "focalLength": 1466.21069336,
      "principalPoint": [
        576.5,
        1024
      ],
      "T": [
        -1.54937647872,
        -1.21625765973,
        3.52746071193
      ],
      "position": [
        1.54937888448,
        -0.00240270718777,
        -3.73125651975
      ],
      "euler": [
        0.331061753381,
        -0.000643361700972,
        0.00384964916832
      ],
      "quaternion": [
        0.986329001383,
        0.164775862823,
        -0.000320213610611,
        0.00191604513901
      ],
      "R": [
        [
          0.999992422127,
          -0.0038853006247,
          5.55111512313e-17
        ],
        [
          0.00367410292955,
          0.945690434896,
          -0.325047954495
        ],
        [
          0.00126334388313,
          0.325044894428,
          0.945696738856
        ]
      ],
      "radialDistortion": -0.202864945811,
      "geo": [
        0,
        0,
        0
      ]
    },
    {
      "filename": "00000031.jpg",
      "original": "G:\\cloud\\out\\meat_01\\WP_20160427_22_12_46_Pro.jpg",
      "focalLength": 1467.30957031,
      "principalPoint": [
        576.5,
        1024
      ],
      "T": [
        -1.40544236764,
        -1.24965198315,
        3.63435425119
      ],
      "position": [
        1.67945625534,
        -0.00273768817508,
        -3.73160313207
      ],
      "euler": [
        0.330320569041,
        0.0710703804966,
        0.0154709640643
      ],
      "quaternion": [
        0.985733714672,
        0.164374127067,
        0.0353660439263,
        0.00769866139531
      ],
      "R": [
        [
          0.997379877625,
          -0.00355097757296,
          0.0722539934491
        ],
        [
          0.0268043428079,
          0.945843612143,
          -0.323513686771
        ],
        [
          -0.0671920139618,
          0.324602788709,
          0.943460335199
        ]
      ],
      "radialDistortion": -0.20778378792,
      "geo": [
        0,
        0,
        0
      ]
    },
    {
      "filename": "00000032.jpg",
      "original": "G:\\cloud\\out\\meat_01\\WP_20160427_22_13_01_Pro.jpg",
      "focalLength": 1464.94604492,
      "principalPoint": [
        576.5,
        1024
      ],
      "T": [
        -1.24735724828,
        -1.27934292717,
        3.73032121872
      ],
      "position": [
        1.80923528674,
        -0.000755103724078,
        -3.71948488624
      ],
      "euler": [
        0.328643774137,
        0.144485883604,
        0.0275283299929
      ],
      "quaternion": [
        0.98383870865,
        0.163435711665,
        0.0718533411273,
        0.0136899359045
      ],
      "R": [
        [
          0.989299415373,
          -0.0034503705017,
          0.145859113599
        ],
        [
          0.0504243849453,
          0.946202832002,
          -0.319621632635
        ],
        [
          -0.136909279788,
          0.323555885413,
          0.936252171176
        ]
      ],
      "radialDistortion": -0.211058011246,
      "geo": [
        0,
        0,
        0
      ]
    },
    {
      "filename": "00000033.jpg",
      "original": "G:\\cloud\\out\\meat_01\\WP_20160427_22_13_19_Pro.jpg",
      "focalLength": 1471.59472656,
      "principalPoint": [
        576.5,
        1024
      ],
      "T": [
        -1.09950136123,
        -1.30536134962,
        3.81496397822
      ],
      "position": [
        1.92821682298,
        -0.00238150434892,
        -3.70793715317
      ],
      "euler": [
        0.327831107599,
        0.210874226644,
        0.0382209798142
      ],
      "quaternion": [
        0.98088583094,
        0.162869847021,
        0.104764472431,
        0.0189885736619
      ],
      "R": [
        [
          0.977327015459,
          -0.0031252943518,
          0.211709217823
        ],
        [
          0.0713771970672,
          0.946225508203,
          -0.315535034518
        ],
        [
          -0.199338728552,
          0.323491866403,
          0.924995529693
        ]
      ],
      "radialDistortion": -0.214503620134,
      "geo": [
        0,
        0,
        0
      ]
    },
    {
      "filename": "00000034.jpg",
      "original": "G:\\cloud\\out\\meat_01\\WP_20160427_22_13_40_Pro.jpg",
      "focalLength": 1468.3092041,
      "principalPoint": [
        576.5,
        1024
      ],
      "T": [
        -0.957237283332,
        -1.32588319868,
        3.87617050768
      ],
      "position": [
        2.03642769132,
        -0.00236114706069,
        -3.68129394781
      ],
      "euler": [
        0.327115189115,
        0.272813180582,
        0.0479441208252
      ],
      "quaternion": [
        0.977121575916,
        0.162308368347,
        0.135364739019,
        0.023788965728
      ],
      "R": [
        [
          0.962221009531,
          -0.00254780206656,
          0.272258139554
        ],
        [
          0.0904310446596,
          0.946180414585,
          -0.31074969902
        ],
        [
          -0.256813088902,
          0.323630335634,
          0.910664872367
        ]
      ],
      "radialDistortion": -0.218735543466,
      "geo": [
        0,
        0,
        0
      ]
    },
    {
      "filename": "00000035.jpg",
      "original": "G:\\cloud\\out\\meat_01\\WP_20160427_22_13_53_Pro.jpg",
      "focalLength": 1463.76269531,
      "principalPoint": [
        576.5,
        1024
      ],
      "T": [
        -0.799713041759,
        -1.34249528574,
        3.93092687902
      ],
      "position": [
        2.15429598665,
        0,
        -3.64047106943
      ],
      "euler": [
        0.32491817874,
        0.340613559798,
        0.0590233112034
      ],
      "quaternion": [
        0.971997468498,
        0.160939817499,
        0.168714118626,
        0.0292356708698
      ],
      "R": [
        [
          0.941361306969,
          -0.00252841185002,
          0.337389810385
        ],
        [
          0.111139580451,
          0.946487105116,
          -0.303001373332
        ],
        [
          -0.318568974432,
          0.322731007427,
          0.891267902984
        ]
      ],
      "radialDistortion": -0.219403434383,
      "geo": [
        0,
        0,
        0
      ]
    },
    {
      "filename": "00000036.jpg",
      "original": "G:\\cloud\\out\\meat_01\\WP_20160427_22_14_12_Pro.jpg",
      "focalLength": 1465.09936523,
      "principalPoint": [
        576.5,
        1024
      ],
      "T": [
        -0.65660818935,
        -1.35910107172,
        3.97868735482
      ],
      "position": [
        2.25726540032,
        -0.00116215713237,
        -3.60735034133
      ],
      "euler": [
        0.32412165239,
        0.4001640697,
        0.0687267319645
      ],
      "quaternion": [
        0.96645064327,
        0.160244394454,
        0.197839448733,
        0.0339782099258
      ],
      "R": [
        [
          0.91941041366,
          -0.00227135094915,
          0.3932935899
        ],
        [
          0.129081700411,
          0.946333882656,
          -0.296292043496
        ],
        [
          -0.371514660068,
          0.323181148905,
          0.87036308719
        ]
      ],
      "radialDistortion": -0.226965982834,
      "geo": [
        0,
        0,
        0
      ]
    },
    {
      "filename": "00000037.jpg",
      "original": "G:\\cloud\\out\\meat_01\\WP_20160427_22_14_27_Pro.jpg",
      "focalLength": 1455.8067627,
      "principalPoint": [
        576.5,
        1024
      ],
      "T": [
        -0.489632597459,
        -1.37370893902,
